-0.09666669 0.69
-0.09666669 0.69
-0.09666669 0.69
-0.09666669 0.6933333
-0.100000024 0.6933333
-0.103333354 0.6933333
-0.106666684 0.6933333
-0.110000014 0.6966667
-0.120000005 0.6966667
-0.12666667 0.6966667
-0.13333333 0.6966667
-0.14333332 0.6966667
-0.14999998 0.6966667
-0.15999997 0.6966667
-0.16999996 0.6966667
-0.17999995 0.6933333
-0.19000006 0.6933333
-0.20333332 0.69
-0.21333331 0.68333334
-0.2233333 0.68
-0.23333329 0.6766667
-0.2433334 0.67333335
-0.2533334 0.67
-0.26333338 0.6666667
-0.27000004 0.66333336
-0.27666664 0.66
-0.28666663 0.6566667
-0.29666668 0.65333337
-0.30666667 0.6466667
-0.31666666 0.6433334
-0.32999998 0.63666666
-0.34000003 0.6333334
-0.34666663 0.63000005
-0.35333335 0.62666667
-0.36333334 0.62333333
-0.37333333 0.6166667
-0.38 0.61333334
-0.39333338 0.6066667
-0.40333337 0.6
-0.41333336 0.5966667
-0.42333335 0.59000003
-0.43 0.5833334
-0.43666667 0.57666665
-0.44333333 0.57000005
-0.45000005 0.56
-0.46000004 0.55
-0.46333337 0.5433334
-0.47000003 0.5333333
-0.4766667 0.5233333
-0.48333335 0.51000005
-0.49000007 0.49666667
-0.49666667 0.48333335
-0.50333333 0.47333336
-0.50666666 0.46333337
-0.5133333 0.45000005
-0.5166667 0.44
-0.5233333 0.42666668
-0.5266667 0.4166667
-0.5333333 0.4066667
-0.5366667 0.39999998
-0.54 0.38666672
-0.5433334 0.38
-0.55 0.36666673
-0.5533334 0.35666662
-0.5566667 0.34666663
-0.5566667 0.34000003
-0.56 0.33333337
-0.56 0.32666665
-0.5633334 0.31666666
-0.5633334 0.30666667
-0.56666666 0.30333334
-0.56666666 0.29666668
-0.57000005 0.29000002
-0.57000005 0.28333336
-0.5733334 0.27333337
-0.5733334 0.26333338
-0.57666665 0.2533334
-0.57666665 0.2433334
-0.58000004 0.23333329
-0.58000004 0.2233333
-0.58000004 0.21000004
-0.58000004 0.1966666
-0.58000004 0.18666661
-0.5833334 0.1733334
-0.5833334 0.16333342
-0.5833334 0.14999998
-0.58666664 0.13999999
-0.58666664 0.13
-0.58666664 0.120000005
-0.59000003 0.106666684
-0.59000003 0.09666669
-0.59000003 0.083333254
-0.59333336 0.07000005
-0.59333336 0.056666613
-0.59333336 0.043333292
-0.5966667 0.026666641
-0.5966667 0.013333321
-0.6 -0.0033333302
-0.6 -0.01666665
-0.6 -0.029999971
-0.6 -0.043333292
-0.6 -0.053333282
-0.6 -0.06333327
-0.6 -0.07333326
-0.5966667 -0.083333254
-0.5966667 -0.09666669
-0.5966667 -0.110000014
-0.59333336 -0.120000005
-0.59333336 -0.13
-0.59333336 -0.13999999
-0.59000003 -0.15333343
-0.59000003 -0.16333342
-0.58666664 -0.17666674
-0.58666664 -0.18999994
-0.5833334 -0.20333338
-0.5833334 -0.2166667
-0.5833334 -0.22666669
-0.5833334 -0.23666668
-0.5833334 -0.25
-0.58000004 -0.26
-0.58000004 -0.2733333
-0.57666665 -0.28666663
-0.5733334 -0.29666662
-0.56666666 -0.31000006
-0.5633334 -0.32000005
-0.5566667 -0.33333337
-0.55 -0.3466667
-0.5433334 -0.36
-0.54 -0.37333333
-0.5366667 -0.38333333
-0.5333333 -0.39333332
-0.5266667 -0.4100001
-0.52000004 -0.4233333
-0.5166667 -0.4366666
-0.5133333 -0.4466666
-0.51000005 -0.45333338
-0.50333333 -0.46333337
-0.49666667 -0.47333336
-0.49333334 -0.48000002
-0.49000007 -0.4866668
-0.48666668 -0.49333334
-0.48333335 -0.5
-0.4766667 -0.5066668
-0.4766667 -0.51
-0.47333336 -0.5133333
-0.47000003 -0.52
-0.46333337 -0.5300001
-0.45333332 -0.5400001
-0.44333333 -0.54666674
-0.43666667 -0.5533333
-0.43333334 -0.5633333
-0.42333335 -0.57333326
-0.40999997 -0.5866667
-0.3966667 -0.6
-0.38666672 -0.61
-0.37666672 -0.62
-0.37333333 -0.62333333
-0.37 -0.6266668
-0.36 -0.6366668
-0.34666663 -0.64666677
-0.33333337 -0.6533333
-0.32333338 -0.65999997
-0.3133334 -0.6633333
-0.3 -0.66999996
-0.28666663 -0.67666674
-0.27000004 -0.6866667
-0.25 -0.69333327
-0.23666668 -0.6966667
-0.2233333 -0.70000005
-0.20666665 -0.70333326
-0.19333339 -0.7066667
-0.17999995 -0.71000004
-0.16999996 -0.71000004
-0.15666664 -0.71333325
-0.14333332 -0.71333325
-0.13 -0.7166667
-0.113333344 -0.7166667
-0.100000024 -0.72
-0.083333254 -0.72
-0.06666672 -0.72
-0.046666622 -0.72
-0.026666641 -0.72
-0.0033333302 -0.72333324
0.01999998 -0.72333324
0.03999996 -0.72333324
0.06333327 -0.72333324
0.083333254 -0.72333324
0.103333235 -0.72333324
0.12666667 -0.72333324
0.14666665 -0.72333324
0.16999996 -0.72333324
0.19333339 -0.7166667
0.21333337 -0.71333325
0.23666668 -0.71000004
0.26 -0.70333326
0.27666664 -0.70000005
0.2933334 -0.69333327
0.3166666 -0.6866667
0.3366667 -0.68000007
0.36 -0.66999996
0.37666667 -0.6633333
0.39333332 -0.6533333
0.4100001 -0.64666677
0.43000007 -0.6366668
0.45333338 -0.63
0.47333336 -0.62333333
0.49 -0.6166667
0.50333333 -0.6066667
0.52 -0.5966667
0.53666675 -0.59000003
0.5533333 -0.58000004
0.5633333 -0.57000005
0.57333326 -0.56000006
0.5833334 -0.5500001
0.5966667 -0.5433333
0.6066667 -0.5333333
0.6166667 -0.52666676
0.62333333 -0.52
0.63 -0.5133333
0.64 -0.5066668
0.65 -0.5
0.65999997 -0.4966668
0.66666675 -0.49
0.66999996 -0.4866668
0.6733333 -0.48000002
0.68000007 -0.47333336
0.6833333 -0.46666658
0.69000006 -0.46000004
0.6966667 -0.45333338
0.70000005 -0.4433334
0.7066667 -0.4333334
0.71000004 -0.42666662
0.71333325 -0.41666663
0.7166667 -0.4100001
0.72 -0.4033333
0.72333324 -0.39333332
0.7266667 -0.38333333
0.7266667 -0.37333333
0.73 -0.36
0.73333347 -0.35000002
0.7366667 -0.3366667
0.74333346 -0.32000005
0.74666667 -0.3033334
0.74666667 -0.28666663
0.75 -0.27666664
0.75 -0.26666665
0.75333345 -0.25666666
0.75333345 -0.24666667
0.75333345 -0.23333335
0.75333345 -0.22333336
0.75333345 -0.21333337
0.75333345 -0.19999993
0.75333345 -0.18999994
0.75333345 -0.17999995
0.75333345 -0.17666674
0.75333345 -0.16666663
0.75333345 -0.15999997
0.75333345 -0.14666665
0.75333345 -0.13666666
0.75333345 -0.12666667
0.75333345 -0.113333225
0.75333345 -0.100000024
0.75333345 -0.0866667
0.75333345 -0.07333326
0.75 -0.059999943
0.75 -0.04666674
0.74666667 -0.0333333
0.74666667 -0.023333311
0.74666667 -0.013333321
0.74666667 -0.0033333302
0.74666667 0.00999999
0.74666667 0.023333311
0.74666667 0.0333333
0.74666667 0.046666622
0.74666667 0.056666613
0.74666667 0.06666672
0.74666667 0.07666671
0.74333346 0.0866667
0.74333346 0.09666669
0.74 0.106666684
0.7366667 0.116666675
0.7366667 0.13
0.7366667 0.14333332
0.73333347 0.15666664
0.73333347 0.16999996
0.73 0.1833334
0.7266667 0.19333339
0.72333324 0.20333332
0.72333324 0.21333331
0.72 0.2233333
0.7166667 0.23333329
0.7166667 0.24000001
0.71333325 0.25
0.71333325 0.26333338
0.71000004 0.28333336
0.7066667 0.31
0.70333326 0.32333338
0.70000005 0.33666664
0.6966667 0.35333335
0.69333327 0.36
0.69333327 0.37
0.69000006 0.37666672
0.6866667 0.38666672
0.6866667 0.3966667
0.6833333 0.40333337
0.68000007 0.41333336
0.67666674 0.42000002
0.6733333 0.42666668
0.66666675 0.43666667
0.65999997 0.45000005
0.6533333 0.46333337
0.6433333 0.47333336
0.6333333 0.48666668
0.62 0.50000006
0.61 0.51000005
0.5966667 0.52000004
0.59000003 0.5266667
0.5833334 0.5333333
0.5766667 0.54
0.57000005 0.5466667
0.5666667 0.55
0.5633333 0.5533334
0.55666673 0.56
0.5500001 0.5633334
0.54666674 0.56666666
0.5400001 0.57000005
0.5333333 0.57666665
0.5300001 0.58000004
0.5233333 0.5833334
0.5133333 0.58666664
0.50333333 0.59333336
0.4966668 0.5966667
0.49 0.6
0.48000002 0.6
0.47000003 0.6066667
0.4566666 0.61
0.4433334 0.61333334
0.4333334 0.62000006
0.42000008 0.62000006
0.40666664 0.62333333
0.39333332 0.62666667
0.3800001 0.63000005
0.36666667 0.6333334
0.35333335 0.63666666
0.34000003 0.64000005
0.3266667 0.64000005
0.31000006 0.6433334
0.2933334 0.6466667
0.27999997 0.65000004
0.26666665 0.65000004
0.25666666 0.65333337
0.24666667 0.65333337
0.23333335 0.6566667
0.22333336 0.6566667
0.21333337 0.66
0.20333338 0.66
0.18999994 0.66333336
0.17999995 0.66333336
0.16666663 0.6666667
0.15666664 0.6666667
0.14666665 0.67
0.13666666 0.67
0.123333216 0.67333335
0.110000014 0.67333335
0.100000024 0.6766667
0.093333244 0.6766667
0.0866667 0.6766667
0.07666671 0.68
0.06666672 0.68
0.059999943 0.68
0.053333282 0.68
0.04666674 0.68
0.03666675 0.68333334
0.02666676 0.68333334
0.01666665 0.68333334
0.0066666603 0.68333334
0.0 0.68333334
-0.00999999 0.68333334
-0.01666665 0.68333334
-0.023333311 0.68333334
-0.029999971 0.68333334
-0.03666663 0.68333334
-0.04000008 0.68333334
-0.043333292 0.68333334
-0.046666622 0.68333334
-0.05000007 0.68333334
-0.056666613 0.68333334
-0.056666613 0.68333334
-0.06333327 0.68333334
-0.06666672 0.68333334
-0.07000005 0.68333334
-0.07666671 0.68333334
-0.08000004 0.6866667
-0.083333254 0.6866667
-0.083333254 0.6866667
-0.0866667 0.6866667
-0.09000003 0.6866667
-0.09000003 0.6866667
-0.09000003 0.6866667
-0.09000003 0.6866667
-0.09333336 0.6866667
-0.09333336 0.6866667
-0.09666669 0.6866667
-0.09666669 0.6866667
-0.100000024 0.6866667
-0.100000024 0.6866667
-0.103333354 0.6866667
-0.110000014 0.6866667
-0.113333344 0.6866667
-0.116666675 0.6866667
-0.120000005 0.6866667
-0.120000005 0.6866667
-0.123333335 0.6866667
-0.123333335 0.6866667
-0.12666667 0.6866667
-0.13 0.6866667
-0.13 0.6866667
-0.13 0.6866667
-0.13 0.6866667
-0.13 0.6866667
-0.13 0.6866667
-0.13 0.6866667
-0.13 0.6866667
-0.13 0.6866667
-0.13 0.6866667
-0.13 0.6866667
-0.13 0.6866667
-0.13 0.6866667
-0.13 0.6866667
-0.13 0.6866667
-0.13 0.6866667
-0.13 0.6866667
-0.13 0.6866667
-0.13 0.6866667
-0.13 0.6866667
-0.13 0.6866667
-0.13 0.6866667
-0.13 0.6866667
-0.13 0.6866667
-0.13 0.6866667
-0.13 0.6866667
-0.13 0.6866667
-0.13 0.6866667
-0.13 0.6866667
-0.13 0.6866667
-0.13 0.6866667
-0.13 0.6866667
-0.13 0.6866667
-0.13 0.6866667
-0.13 0.6866667
-0.13 0.6866667
-0.13 0.6866667
-0.13 0.6866667
-0.13 0.6866667
-0.13 0.6866667
-0.13 0.6866667
-0.13333333 0.6866667
-0.13333333 0.6866667
-0.13333333 0.6866667
-0.13666666 0.6866667
-0.13666666 0.6866667
-0.13666666 0.6866667
-0.13666666 0.6866667
-0.13666666 0.6866667
-0.13666666 0.6866667
-0.13666666 0.6866667
-0.13666666 0.6866667
-0.13666666 0.6866667
-0.13999999 0.6866667
-0.13999999 0.6866667
-0.14333332 0.6866667
-0.14333332 0.6866667
-0.14666665 0.6866667
-0.14999998 0.6866667
-0.15666664 0.6866667
-0.15999997 0.6866667
-0.16333342 0.6866667
-0.16333342 0.6866667
-0.16333342 0.6866667
-0.16333342 0.6866667
-0.16333342 0.6866667
-0.16333342 0.6866667
-0.16333342 0.6866667
-0.16333342 0.6866667
-0.16333342 0.6866667
-0.16666663 0.6866667
-0.16666663 0.6866667
-0.16999996 0.6866667
-0.1733334 0.6866667
-0.17666662 0.6866667
-0.1833334 0.6866667
-0.18666661 0.6866667
-0.19000006 0.6866667
-0.19000006 0.6866667
-0.19000006 0.6866667
-0.19333339 0.6866667
-0.1966666 0.6866667
-0.20000005 0.6866667
-0.20333332 0.68333334
-0.20333332 0.68333334
-0.21000004 0.68333334
-0.21000004 0.68333334
-0.2166667 0.68
-0.22000003 0.6766667
-0.2233333 0.6766667
-0.22666669 0.6766667
-0.23000002 0.6766667
-0.23333329 0.67333335
-0.23666668 0.67333335
-0.2433334 0.67
-0.25 0.6666667
-0.25666666 0.66333336
-0.26333338 0.66
-0.26666665 0.66
-0.27000004 0.66
-0.27000004 0.6566667
-0.27333337 0.6566667
-0.27666664 0.65333337
-0.28333336 0.65000004
-0.28666663 0.6433334
-0.29333335 0.64000005
-0.3 0.63666666
-0.30666667 0.63000005
-0.3133334 0.62000006
-0.32333338 0.61333334
-0.32999998 0.6066667
-0.33666664 0.6
-0.34333336 0.59333336
-0.34666663 0.58666664
-0.35000002 0.58000004
-0.35666662 0.5733334
-0.36 0.56666666
-0.36333334 0.56
-0.36666673 0.5566667
-0.37 0.55
-0.37666672 0.54
-0.38 0.53000003
-0.38666672 0.5233333
-0.39333338 0.51000005
-0.39999998 0.50333333
-0.40333337 0.49333334
-0.4066667 0.48333335
-0.41333336 0.47333336
-0.4166667 0.4666667
-0.42000002 0.46333337
-0.42000002 0.4566667
-0.42333335 0.45333332
-0.42333335 0.44666672
-0.42666668 0.44333333
-0.42666668 0.43666667
-0.43 0.43
-0.43 0.42333335
-0.43333334 0.4166667
-0.43333334 0.41333336
-0.43666667 0.4066667
-0.43666667 0.39999998
-0.43666667 0.3966667
-0.44 0.39
-0.44 0.38
-0.44333333 0.37333333
-0.44333333 0.36666673
-0.44333333 0.36
-0.44333333 0.35666662
-0.44333333 0.35000002
-0.44333333 0.34333336
-0.44333333 0.34000003
-0.44666672 0.33666664
-0.44666672 0.33333337
-0.44666672 0.32666665
-0.44666672 0.32
-0.44666672 0.3133334
-0.44666672 0.30666667
-0.44666672 0.3
-0.44666672 0.29333335
-0.44333333 0.28333336
-0.44333333 0.27666664
-0.44333333 0.26666665
-0.44333333 0.26333338
-0.44 0.25666666
-0.44 0.2533334
-0.44 0.25
-0.44 0.24666667
-0.44 0.2433334
-0.43666667 0.2433334
-0.43666667 0.2433334
-0.43666667 0.2433334
-0.43666667 0.2433334
-0.43666667 0.2433334
-0.43666667 0.2433334
-0.43333334 0.24000001
-0.43 0.23666668
-0.42666668 0.23333329
-0.42333335 0.23000002
-0.4166667 0.22666669
-0.41333336 0.2233333
-0.40999997 0.2233333
-0.4066667 0.22000003
-0.39999998 0.2166667
-0.3966667 0.2166667
-0.39333338 0.21333331
-0.39 0.21333331
-0.38666672 0.21000004
-0.38333333 0.21000004
-0.38 0.20666665
-0.37666672 0.20666665
-0.37 0.20666665
-0.36666673 0.20333332
-0.36333334 0.20333332
-0.35666662 0.20333332
-0.35333335 0.20333332
-0.34333336 0.20000005
-0.33666664 0.20000005
-0.32666665 0.1966666
-0.32 0.1966666
-0.3133334 0.19333339
-0.30666667 0.19333339
-0.3 0.19333339
-0.29333335 0.19333339
-0.28666663 0.19333339
-0.28000003 0.19333339
-0.27333337 0.1966666
-0.27000004 0.1966666
-0.26333338 0.20000005
-0.25666666 0.20333332
-0.2533334 0.20666665
-0.24666667 0.21000004
-0.24000001 0.21000004
-0.23666668 0.21333331
-0.23000002 0.2166667
-0.22666669 0.22000003
-0.2166667 0.2233333
-0.20666665 0.23000002
-0.1966666 0.23666668
-0.18666661 0.24000001
-0.17666662 0.2433334
-0.16666663 0.25
-0.15999997 0.2533334
-0.1533333 0.26
-0.14666665 0.26333338
-0.13999999 0.27000004
-0.13333333 0.27333337
-0.13 0.27666664
-0.13 0.28000003
-0.12666667 0.28333336
-0.12666667 0.28333336
-0.12666667 0.28666663
-0.120000005 0.29333335
-0.116666675 0.3
-0.110000014 0.31
-0.103333354 0.31666666
-0.09666669 0.32333338
-0.09333336 0.33333337
-0.09000003 0.34000003
-0.0866667 0.34666663
-0.083333254 0.35666662
-0.08000004 0.36333334
-0.07666671 0.37
-0.07666671 0.37666672
-0.07333326 0.38666672
-0.07333326 0.39333338
-0.07000005 0.40333337
-0.07000005 0.41333336
-0.07000005 0.42333335
-0.07000005 0.43333334
-0.07000005 0.44333333
-0.07000005 0.45000005
-0.07000005 0.46000004
-0.07000005 0.4666667
-0.07000005 0.48000002
-0.07000005 0.48666668
-0.07000005 0.50000006
-0.07000005 0.50666666
-0.07000005 0.5166667
-0.07000005 0.5266667
-0.07333326 0.5366667
-0.07333326 0.5466667
-0.07666671 0.5566667
-0.07666671 0.56666666
-0.08000004 0.57666665
-0.083333254 0.5833334
-0.0866667 0.59333336
-0.09000003 0.5966667
-0.09333336 0.60333335
-0.09666669 0.6066667
-0.100000024 0.61333334
-0.103333354 0.6166667
-0.106666684 0.62000006
-0.110000014 0.62000006
-0.113333344 0.62333333
-0.116666675 0.62666667
-0.123333335 0.62666667
-0.12666667 0.63000005
-0.13 0.63000005
-0.13666666 0.6333334
-0.14333332 0.63666666
-0.14999998 0.63666666
-0.15666664 0.64000005
-0.15999997 0.64000005
-0.16666663 0.6433334
-0.1733334 0.6433334
-0.17666662 0.6466667
-0.17999995 0.6466667
-0.1833334 0.6466667
-0.19000006 0.6466667
-0.19333339 0.6466667
-0.1966666 0.65000004
-0.20333332 0.65000004
-0.21000004 0.65000004
-0.21333331 0.65333337
-0.2166667 0.65333337
-0.2233333 0.65333337
-0.22666669 0.65333337
-0.22666669 0.65333337
-0.23000002 0.65333337
-0.23333329 0.65333337
-0.23666668 0.65333337
-0.24000001 0.65333337
-0.2433334 0.65333337
-0.24666667 0.65333337
-0.25 0.65333337
-0.2533334 0.65333337
-0.25666666 0.65333337
-0.26 0.65333337
-0.26333338 0.65333337
-0.26333338 0.65333337
-0.26666665 0.65333337
-0.27000004 0.65333337
-0.27333337 0.65333337
-0.28000003 0.65333337
-0.28333336 0.65333337
-0.28333336 0.65333337
-0.28666663 0.65333337
-0.29000002 0.65333337
-0.29000002 0.65333337
-0.29000002 0.65333337
-0.29000002 0.65333337
-0.29000002 0.65333337
-0.29000002 0.65333337
-0.29000002 0.65333337
-0.29000002 0.65333337
-0.29000002 0.65333337
-0.29000002 0.65333337
-0.29000002 0.65333337
-0.29000002 0.65333337
-0.29000002 0.65333337
-0.29000002 0.65333337
-0.29000002 0.6566667
-0.28666663 0.6566667
-0.28666663 0.66
-0.28333336 0.66
-0.28333336 0.66
-0.28000003 0.66333336
-0.27666664 0.66333336
-0.27666664 0.6666667
-0.27333337 0.6666667
-0.27333337 0.6666667
-0.27000004 0.6666667
-0.26666665 0.67
-0.26333338 0.67
-0.26 0.67
-0.25666666 0.67333335
-0.2533334 0.67333335
-0.25 0.67333335
-0.2433334 0.67333335
-0.24000001 0.6766667
-0.23666668 0.6766667
-0.23000002 0.6766667
-0.22666669 0.6766667
-0.22000003 0.68
-0.21333331 0.68
-0.20666665 0.68
-0.20333332 0.68
-0.1966666 0.68
-0.19000006 0.68
-0.18666661 0.68333334
-0.17999995 0.68333334
-0.17666662 0.68333334
-0.16999996 0.6866667
-0.15999997 0.6866667
-0.14999998 0.6866667
-0.13999999 0.69
-0.13333333 0.69
-0.12666667 0.69
-0.120000005 0.6933333
-0.110000014 0.6933333
-0.103333354 0.6933333
-0.100000024 0.6933333
-0.100000024 0.6933333
-0.100000024 0.6933333
-0.100000024 0.6933333
-0.09666669 0.6933333
-0.09333336 0.6966667
-0.09000003 0.6966667
-0.0866667 0.6966667
-0.08000004 0.6966667
-0.07333326 0.6966667
-0.06333327 0.6966667
-0.053333282 0.6966667
-0.046666622 0.6966667
-0.043333292 0.6966667
-0.04000008 0.6966667
-0.03666663 0.6966667
-0.029999971 0.6966667
-0.026666641 0.6966667
-0.01999998 0.6933333
-0.013333321 0.6933333
-0.013333321 0.6933333
-0.0066666603 0.6933333
0.0 0.69
0.00999999 0.6866667
0.01666665 0.68
0.023333311 0.6766667
0.0333333 0.67333335
0.03999996 0.67333335
0.043333292 0.67
0.04666674 0.67
0.049999952 0.67
0.049999952 0.67
0.049999952 0.67
0.05666673 0.67
0.06333327 0.67
0.06999993 0.67
0.08000004 0.67
0.0866667 0.67
0.09666669 0.6666667
0.110000014 0.6666667
0.113333225 0.6666667
0.116666675 0.6666667
0.120000005 0.6666667
0.120000005 0.6666667
0.123333216 0.6666667
0.12666667 0.6666667
0.13 0.6666667
0.13333344 0.6666667
0.13666666 0.6666667
0.14333344 0.6666667
0.14999998 0.66333336
0.15666664 0.66333336
0.16666663 0.66333336
0.17666674 0.66333336
0.18666673 0.66
0.19999993 0.6566667
0.21333337 0.65333337
0.22333336 0.65000004
0.23333335 0.6433334
0.24333334 0.64000005
0.25666666 0.6333334
0.2733333 0.62333333
0.28666663 0.6166667
0.29666662 0.61333334
0.31000006 0.6066667
0.32333338 0.6
0.34000003 0.59333336
0.35000002 0.58666664
0.36 0.58000004
0.36666667 0.5733334
0.37666667 0.5633334
0.38333333 0.5533334
0.3900001 0.5433334
0.39333332 0.54
0.39666665 0.5333333
0.4033333 0.5233333
0.4100001 0.51000005
0.41666663 0.50000006
0.42000008 0.49000007
0.4233333 0.48333335
0.4233333 0.48000002
0.42666662 0.47000003
0.43000007 0.46000004
0.43000007 0.44666672
0.43000007 0.43666667
0.4333334 0.43
0.4333334 0.42333335
0.4333334 0.4166667
0.4333334 0.40999997
0.4333334 0.39999998
0.4333334 0.39333338
0.4366666 0.38666672
0.4366666 0.37666672
0.4366666 0.37333333
0.4366666 0.36666673
0.4366666 0.36
0.4366666 0.35000002
0.4366666 0.34333336
0.4366666 0.33333337
0.4366666 0.32666665
0.4366666 0.32
0.4366666 0.3133334
0.4366666 0.30666667
0.4333334 0.3
0.4333334 0.29333335
0.43000007 0.28666663
0.43000007 0.28333336
0.43000007 0.27666664
0.43000007 0.27000004
0.42666662 0.26333338
0.4233333 0.25666666
0.4233333 0.2533334
0.42000008 0.24666667
0.41666663 0.2433334
0.41666663 0.24000001
0.4133333 0.23333329
0.4100001 0.23000002
0.40666664 0.22666669
0.4033333 0.2233333
0.4000001 0.22000003
0.39666665 0.2166667
0.38666666 0.21000004
0.37666667 0.20333332
0.37 0.20000005
0.36 0.20000005
0.35000002 0.1966666
0.34000003 0.19333339
0.3266667 0.19000006
0.3133334 0.18666661
0.29999995 0.1833334
0.28999996 0.1833334
0.27666664 0.1833334
0.26 0.1833334
0.24666667 0.1833334
0.23333335 0.1833334
0.22333336 0.1833334
0.21333337 0.18666661
0.19999993 0.19000006
0.18999994 0.19333339
0.1833334 0.1966666
0.1733334 0.20000005
0.16333342 0.20333332
0.15333343 0.21000004
0.14666665 0.21333331
0.13666666 0.2166667
0.13 0.2233333
0.120000005 0.23000002
0.113333225 0.24000001
0.103333235 0.2533334
0.09000003 0.26666665
0.08000004 0.28333336
0.06666672 0.3
0.053333282 0.32
0.04666674 0.33333337
0.03666675 0.35000002
0.029999971 0.36666673
0.023333311 0.38666672
0.01666665 0.40333337
0.013333321 0.4166667
0.013333321 0.43
0.013333321 0.44
0.013333321 0.45000005
0.013333321 0.46333337
0.01666665 0.47333336
0.01999998 0.48333335
0.023333311 0.49333334
0.02666676 0.50666666
0.0333333 0.5133333
0.03999996 0.5233333
0.043333292 0.5333333
0.049999952 0.5433334
0.053333282 0.5533334
0.06333327 0.5633334
0.07333326 0.5733334
0.08000004 0.58000004
0.0866667 0.59000003
0.09000003 0.59333336
0.100000024 0.6
0.110000014 0.6066667
0.120000005 0.61333334
0.13 0.62000006
0.14333344 0.62666667
0.15666664 0.6333334
0.16666663 0.6433334
0.17666674 0.65333337
0.1833334 0.66
0.19333339 0.66333336
0.19999993 0.66333336
0.20999992 0.6666667
0.2166667 0.67
0.22333336 0.67333335
0.22666669 0.6766667
0.22666669 0.6766667
-0.7066667 -0.16999996
-0.7033334 -0.1733334
-0.6966667 -0.17666674
-0.6933333 -0.1833334
-0.6933333 -0.1833334
-0.69 -0.18666673
-0.6866667 -0.18999994
-0.68333334 -0.19333339
-0.67333335 -0.19999993
-0.6666667 -0.20666671
-0.66333336 -0.20999992
-0.6566667 -0.21333337
-0.65000004 -0.21333337
-0.6466667 -0.2166667
-0.64000005 -0.21999991
-0.6333334 -0.22333336
-0.62666667 -0.22666669
-0.62333333 -0.22666669
-0.61333334 -0.23000002
-0.60333335 -0.23333335
-0.5966667 -0.23666668
-0.58666664 -0.24000001
-0.57666665 -0.24000001
-0.57000005 -0.24333334
-0.5566667 -0.24333334
-0.5433334 -0.24666667
-0.5333333 -0.25
-0.5266667 -0.25
-0.52000004 -0.25333333
-0.5133333 -0.25666666
-0.50333333 -0.26
-0.49666667 -0.26
-0.49333334 -0.26
-0.49000007 -0.26333332
-0.48333335 -0.26333332
-0.47000003 -0.26666665
-0.4566667 -0.26999998
-0.45000005 -0.2733333
-0.44 -0.27666664
-0.43 -0.27666664
-0.42333335 -0.27999997
-0.41333336 -0.28333342
-0.40333337 -0.28666663
-0.39999998 -0.28666663
-0.3966667 -0.28666663
-0.39333338 -0.28666663
-0.38666672 -0.28666663
-0.38 -0.28666663
-0.37666672 -0.28666663
-0.37333333 -0.28999996
-0.36666673 -0.28999996
-0.36 -0.28999996
-0.35000002 -0.28999996
-0.34333336 -0.2933334
-0.33333337 -0.2933334
-0.32666665 -0.29666662
-0.31666666 -0.29999995
-0.31 -0.29999995
-0.3 -0.3033334
-0.29000002 -0.3033334
-0.28000003 -0.3066666
-0.27333337 -0.3066666
-0.26666665 -0.3066666
-0.26 -0.31000006
-0.25 -0.31000006
-0.2433334 -0.3133334
-0.23333329 -0.3133334
-0.22666669 -0.3133334
-0.22000003 -0.3133334
-0.21333331 -0.3133334
-0.20666665 -0.3166666
-0.1966666 -0.32000005
-0.18666661 -0.32000005
-0.1733334 -0.32000005
-0.15999997 -0.32000005
-0.14333332 -0.32000005
-0.13333333 -0.32333338
-0.123333335 -0.32333338
-0.110000014 -0.3266667
-0.100000024 -0.3266667
-0.0866667 -0.33000004
-0.07333326 -0.33000004
-0.06666672 -0.33000004
-0.053333282 -0.33000004
-0.043333292 -0.33333337
-0.026666641 -0.33333337
-0.00999999 -0.33333337
0.0033333302 -0.33333337
0.01999998 -0.33333337
0.03666675 -0.3366667
0.049999952 -0.3366667
0.06999993 -0.3366667
0.0866667 -0.34000003
0.100000024 -0.34000003
0.113333225 -0.34000003
0.13 -0.34333336
0.14999998 -0.34333336
0.16666663 -0.34333336
0.1833334 -0.34333336
0.19666672 -0.34333336
0.20333338 -0.34333336
0.2166667 -0.3366667
0.22666669 -0.33333337
0.23666668 -0.3266667
0.24666667 -0.32333338
0.25666666 -0.3166666
0.2733333 -0.3133334
0.28666663 -0.31000006
0.2933334 -0.3066666
0.3033334 -0.3033334
0.3066666 -0.3033334
0.3166666 -0.29999995
0.33333337 -0.29666662
0.3466667 -0.28999996
0.36666667 -0.28666663
0.3800001 -0.28333342
0.39666665 -0.27999997
0.4100001 -0.27666664
0.42666662 -0.26999998
0.4433334 -0.26666665
0.46333337 -0.26
0.48333335 -0.25333333
0.4966668 -0.24666667
0.5066668 -0.24333334
0.5133333 -0.24000001
0.5233333 -0.23333335
0.5333333 -0.22666669
0.54666674 -0.21999991
0.56000006 -0.21333337
0.5766667 -0.20333338
0.59333336 -0.19333339
0.60333335 -0.18666673
0.6166667 -0.17666674
0.63 -0.16999996
0.6433333 -0.15999997
0.6533333 -0.15333343
0.6633333 -0.14333344
0.6733333 -0.13666666
0.6866667 -0.13
0.70000005 -0.123333216
0.7066667 -0.120000005
0.71333325 -0.113333225
0.72333324 -0.106666684
0.73333347 -0.100000024
0.74333346 -0.09666669
0.75 -0.093333244
0.75333345 -0.09000003
0.76 -0.083333254
0.77 -0.07666671
0.77666676 -0.06999993
0.78666675 -0.06333327
0.7933334 -0.059999943
0.79666674 -0.053333282
0.79999995 -0.04666674
0.80999994 -0.03999996
0.81666684 -0.029999971
0.82666683 -0.01999998
0.83333325 -0.00999999
0.84000015 0.0033333302
0.8466668 0.013333321
0.85333323 0.026666641
0.86000013 0.04000008
0.8666668 0.056666613
0.8700001 0.07000005
0.8766668 0.083333254
0.8800001 0.100000024
0.8866668 0.113333344
0.89333344 0.13
0.89666677 0.14333332
0.9000001 0.1533333
0.9033334 0.16333342
0.90666676 0.16999996
0.90666676 0.17999995
0.9100001 0.18666661
0.9100001 0.19333339
0.9133334 0.20333332
0.9133334 0.20666665
0.91666675 0.2166667
0.9200001 0.2233333
0.9200001 0.23000002
0.9233334 0.24000001
0.9233334 0.24666667
0.9233334 0.25
0.9233334 0.2533334
0.9233334 0.26
0.9233334 0.26333338
0.9233334 0.26333338
0.9233334 0.26333338
0.9233334 0.26333338
0.9233334 0.26666665
0.9233334 0.27333337
0.9233334 0.28333336
0.92666674 0.29000002
0.92666674 0.29666668
0.92666674 0.3
0.92666674 0.30333334
0.92666674 0.31
0.93000007 0.31666666
0.93000007 0.32666665
0.93000007 0.32999998
0.93000007 0.33333337
0.93000007 0.33666664
0.93000007 0.34333336
0.93000007 0.34666663
0.93000007 0.35000002
0.93000007 0.35000002
0.93000007 0.35000002
0.93000007 0.35333335
0.93000007 0.36
0.93000007 0.36666673
0.93000007 0.37333333
0.93000007 0.38
0.93000007 0.38666672
0.93000007 0.3966667
0.93000007 0.39999998
0.93000007 0.40333337
0.93000007 0.40999997
0.93000007 0.41333336
0.93000007 0.4166667
0.93000007 0.42333335
0.93000007 0.42666668
0.93000007 0.43
0.93000007 0.43333334
0.93000007 0.43666667
0.93000007 0.44333333
0.93000007 0.44666672
0.93000007 0.45000005
0.93000007 0.45000005
0.93000007 0.45000005
0.93000007 0.45000005
0.93000007 0.45333332
0.93000007 0.4566667
0.93000007 0.4566667
0.93000007 0.4566667
0.93000007 0.46000004
0.93000007 0.46333337
0.93000007 0.46333337
0.93000007 0.46333337
0.93000007 0.46333337
0.93000007 0.46333337
0.93000007 0.46333337
0.93000007 0.46333337
0.93000007 0.46333337
0.93000007 0.46333337
0.93000007 0.46333337
0.93000007 0.46333337
0.93000007 0.46333337
0.93000007 0.46333337
0.93000007 0.46333337
0.89333344 0.08000004
0.89333344 0.08000004
0.89333344 0.08000004
0.89333344 0.08000004
0.8900001 0.08000004
0.8900001 0.08000004
0.8866668 0.083333254
0.8866668 0.083333254
0.88333344 0.083333254
0.8800001 0.083333254
0.8766668 0.083333254
0.8733332 0.08000004
0.8733332 0.08000004
0.8733332 0.08000004
0.8733332 0.08000004
0.8733332 0.08000004
0.8733332 0.08000004
0.8733332 0.07666671
0.8700001 0.07333326
0.8666668 0.06666672
0.86000013 0.060000062
0.8566668 0.053333282
0.85000014 0.043333292
0.8466668 0.04000008
0.8466668 0.03666663
0.84333324 0.0333333
0.84333324 0.029999971
0.84000015 0.026666641
0.84000015 0.023333311
0.8366668 0.01666665
0.83333325 0.013333321
0.83000016 0.00999999
0.82666683 0.0066666603
0.82666683 0.0
0.82333326 -0.0033333302
0.82333326 -0.00999999
0.81999993 -0.013333321
0.81666684 -0.01999998
0.81666684 -0.02666676
0.8133333 -0.029999971
0.8133333 -0.0333333
0.80999994 -0.03666675
0.80999994 -0.043333292
0.80666685 -0.04666674
0.80666685 -0.049999952
0.8033333 -0.049999952
0.8033333 -0.049999952
0.8033333 -0.05666673
0.79999995 -0.059999943
0.79666674 -0.06666672
0.78999996 -0.07333326
0.78666675 -0.07666671
0.7833334 -0.08000004
0.7833334 -0.083333254
0.78 -0.083333254
0.78 -0.083333254
0.77666676 -0.0866667
0.77333343 -0.0866667
0.77 -0.0866667
0.76666665 -0.09000003
0.76666665 -0.09000003
0.76 -0.093333244
0.75666666 -0.09666669
0.75 -0.100000024
0.74666667 -0.100000024
0.74 -0.100000024
0.7366667 -0.103333235
0.73 -0.106666684
0.7266667 -0.110000014
0.72 -0.113333225
0.7166667 -0.116666675
0.7166667 -0.116666675
0.71333325 -0.116666675
0.71333325 -0.116666675
0.71000004 -0.116666675
0.70333326 -0.120000005
0.6966667 -0.120000005
0.69000006 -0.123333216
0.6833333 -0.123333216
0.67666674 -0.12666667
0.66999996 -0.13
0.65999997 -0.13
0.6533333 -0.13
0.65 -0.13
0.64666677 -0.13333344
0.64666677 -0.13333344
0.6433333 -0.13333344
0.64 -0.13333344
0.64 -0.13333344
0.6366668 -0.13333344
0.6366668 -0.13666666
0.6333333 -0.14333344
0.6266668 -0.14666665
0.62333333 -0.14999998
0.62333333 -0.14999998
0.62333333 -0.14999998
0.62333333 -0.15333343
0.6166667 -0.15666664
0.61333334 -0.15999997
0.61 -0.16333342
0.6066667 -0.16333342
0.60333335 -0.16666663
0.60333335 -0.16666663
0.5966667 -0.16999996
0.59333336 -0.16999996
0.59000003 -0.1733334
0.5833334 -0.17666674
0.58000004 -0.17999995
0.57333326 -0.1833334
0.5666667 -0.18999994
0.55666673 -0.19333339
0.54666674 -0.19999993
0.53666675 -0.20333338
0.5300001 -0.20666671
0.5233333 -0.20999992
0.51666677 -0.20999992
0.51 -0.2166667
0.50333333 -0.21999991
0.4966668 -0.22333336
0.49 -0.22666669
0.48333335 -0.23000002
0.48000002 -0.23000002
0.47333336 -0.23666668
0.46666658 -0.24333334
0.46000004 -0.25
0.45000005 -0.25666666
0.4433334 -0.26
0.44000006 -0.26333332
0.4333334 -0.26666665
0.43000007 -0.26999998
0.42666662 -0.2733333
0.42000008 -0.27666664
0.41666663 -0.27999997
0.4133333 -0.28333342
0.4100001 -0.28999996
0.4033333 -0.29999995
0.39666665 -0.3066666
0.3900001 -0.3166666
0.38666666 -0.32000005
0.38333333 -0.32333338
0.3800001 -0.33000004
0.37666667 -0.33333337
0.37666667 -0.34000003
0.37333333 -0.3466667
0.37 -0.35000002
0.36333334 -0.35666668
0.36 -0.36
0.35333335 -0.37
0.3466667 -0.3800001
0.34000003 -0.38666666
0.3366667 -0.39333332
0.33333337 -0.4000001
0.33000004 -0.40666664
0.33000004 -0.41666663
0.33000004 -0.42000008
0.3266667 -0.42666662
0.3266667 -0.43000007
0.3266667 -0.4333334
0.3266667 -0.4433334
0.3266667 -0.45333338
0.3266667 -0.46333337
0.3266667 -0.47000003
0.3266667 -0.47333336
0.3266667 -0.4766668
0.3266667 -0.48333335
0.3266667 -0.4866668
0.3266667 -0.49333334
0.33000004 -0.5
0.33333337 -0.5066668
0.33333337 -0.5133333
0.3366667 -0.52
0.34000003 -0.52
0.34333336 -0.5233333
0.35000002 -0.5233333
0.35666668 -0.52666676
0.36333334 -0.5300001
0.37333333 -0.5333333
0.38333333 -0.53666675
0.39333332 -0.53666675
0.4033333 -0.53666675
0.4133333 -0.53666675
0.42000008 -0.53666675
0.42666662 -0.53666675
0.4333334 -0.5300001
0.4433334 -0.5233333
0.4566666 -0.51666677
0.47000003 -0.51
0.48000002 -0.50333333
0.49333334 -0.49
0.50333333 -0.4766668
0.51666677 -0.46333337
0.52666676 -0.45000005
0.53666675 -0.44000006
0.5400001 -0.4333334
0.5433333 -0.4233333
0.5500001 -0.4100001
0.5533333 -0.4000001
0.55666673 -0.3900001
0.56000006 -0.38666666
0.56000006 -0.37666667
0.5633333 -0.36666667
0.5633333 -0.35666668
0.5666667 -0.3466667
0.57000005 -0.3366667
0.57000005 -0.33000004
0.57333326 -0.32333338
0.57333326 -0.31000006
0.57333326 -0.3033334
0.57333326 -0.29666662
0.57333326 -0.2933334
0.57333326 -0.28999996
0.57333326 -0.28666663
0.57333326 -0.27666664
0.57333326 -0.26666665
0.57333326 -0.26
0.57333326 -0.25333333
0.57333326 -0.25
0.57000005 -0.24000001
0.57000005 -0.22666669
0.5666667 -0.22333336
0.5666667 -0.22333336
0.5666667 -0.22333336
0.5666667 -0.22333336
0.5666667 -0.22333336
0.5666667 -0.22333336
0.5666667 -0.22333336
0.5666667 -0.21999991
0.5666667 -0.21999991
0.5633333 -0.21999991
0.5633333 -0.2166667
0.5633333 -0.21333337
0.51666677 -0.28333342
0.5133333 -0.28999996
0.5066668 -0.29999995
0.50333333 -0.3033334
0.4966668 -0.31000006
0.49333334 -0.3166666
0.49 -0.33000004
0.48333335 -0.3466667
0.48000002 -0.36
0.4766668 -0.37
0.47333336 -0.3800001
0.47333336 -0.39333332
0.47333336 -0.40666664
0.47000003 -0.41666663
0.47000003 -0.42666662
0.46666658 -0.43000007
0.46333337 -0.4366666
0.46000004 -0.4433334
0.4566666 -0.45333338
0.45000005 -0.46333337
0.4433334 -0.46666658
0.44000006 -0.47333336
0.4333334 -0.48000002
0.42666662 -0.4866668
0.42000008 -0.49333334
0.4133333 -0.5
0.40666664 -0.50333333
0.4033333 -0.50333333
0.4033333 -0.5066668
0.4033333 -0.5066668
0.4033333 -0.5066668
0.4033333 -0.5066668
0.4033333 -0.5066668
0.4033333 -0.5066668
0.4033333 -0.5066668
